00000000000000000000000000000000
10001100000000010000000000000001
10001100000000100000000000000010
00000000001000100001100000100000
00000000011000010010000000100010
00000000010000010010100000100100
00000000100000100011000000100101
00000000110000010011100000100000
10101100000001110000000000000111
00000000010000110000100000101010
00000000100000100000100000101010
00010000000000000000000000000011
00000000010000010010000000100000
00000000000000000000000000000000
00000000000000000000000000000000
00000000000000100001100000100000