00000000000000000000000000000000
10001100000000010000000000000001
10001100000000100000000000000010
10001100000000110000000000000011
00000000000000000000000000000000
00000000000000000000000000000000
00000000000000000000000000000000
00000000001000100010000000100000
00000000011000010010100000100010
00000000010000010011000000100100
00000000011000100011100000100101
00000000010000110000100000101010
00000000011000100000100000101010
00010000000000000000000000000100
00000000101001110010000000100000
00000000000000000000000000000000
00000000000000000000000000000000
00000000000000000000000000000000
00000000001000100001100000100000
10101100000001000000000000000100
00000000000000000000000000000000
00000000000000000000000000000000
00000000000000000000000000000000
00000000000000000000000000000000
00000000000000000000000000000000
00000000000000000000000000000000
00000000000000000000000000000000
00000000000000000000000000000000
00000000000000000000000000000000
00000000000000000000000000000000
00000000000000000000000000000000
00000000000000000000000000000000
00000000000000000000000000000000
